("id1","id0",24) -> List((782400,790240),(811440,814160),(818000,818360),(818960,819280),(819320,819360),(824920,834920),(834960,835000)),
("id2,"id0",24) -> List((791720,792160),(792200,792360),(792400,792440),(792520,792840),(814480,814640),(814680,815560),(815840,815880)),
("id2","id1",24) -> Lis((24440,61400),(486440,489040),(489080,489120),(707600,708400),(708480,708840),(709000,713920),(730360,733760),(733800,733920),(733960,734040),(734080,734280),(736200,751240),(813960,814000),(814040,814240),(1001280,1006280)),
("id3","id1",24) -> List((757960,760720),(760960,761560),(762280,762320),(762360,762440),(814160,814200),(814600,814640),(814720,814760),(815200,815240),(815320,815400)),
("id6","id1",24)-> List((974200,977360)),
("id3","id2",24)-> List((207560,208160),(208400,209360),(536400,538840),(814160,815560)),
("id4","id2",24)-> List((673720,674200),(692920,694240)),
("id6","id2",24)-> List((937800,939080),(967120,967440),(968960,969800)),
("id4","id3",24)-> List((517360,517440),(645520,645640),(717800,718200),(876040,876080),(876120,880520),(885680,886160),(1005360,1006840)),
("id5","id3",24)-> List((717400,717520),(718160,718200)),
("id5","id4",24)-> List((2520,24440),(323440,330280),(532760,533760),(717920,718000),(759000,759480),(897480,897520),(897560,898480),(930520,931400)),
("id6","id4",24)-> List((554600,556520),(901640,902480)),
("id6","id5",24)-> List((570960,573440),(714920,717880),(757680,757880),(758240,758440),(758600,760360),(760880,761120),(761360,761400),(761440,761840),(761880,762520),(762560,763960),(934640,935440)),
("id7","id5",24)-> List((763600,764360)),
("id9","id5",24)-> List((938080,938400)),
("id7","id6",24)-> List((764240,765640),(854840,856240),(856280,856520),(857000,857320),(972960,973800)),
("id9","id7",24)-> List((939960,942400)),
("id1","id0",25)-> List((782400,790360),(811440,814240),(817920,818360),(818960,819520),(824920,835040)),
("id2","id0",25)-> List((791680,792440),(792520,792880),(814440,815680),(815840,815960),(816000,816200),(816560,816640)),
("id2","id1",25)-> List((24440,61480),(486440,489200),(707520,708840),(708920,713920),(730320,734480),(735800,735840),(736040,736080),(736160,751240),(812600,814360),(1001280,1006280)),
("id3","id1",25)-> List((757960,760800),(760960,761600),(762080,762560),(814160,814200),(814600,814640),(814680,814800),(815200,815400),(815800,815920)),
("id6","id1",25)-> List((974080,977360)),
("id3","id2",25)-> List((207560,208200),(208320,208360),(208400,209360),(536400,538840),(814160,815680)),
("id4","id2",25)-> List((673720,674320),(692840,694240)),
("id6","id2",25)-> List((937760,939080),(967120,967440),(968920,969800)),
("id4","id3",25)-> List((517360,517480),(645520,645680),(717800,718200),(876040,880520),(885560,886160),(1001480,1002400),(1002440,1003640),(1005000,1006840)),
("id5","id3",25)-> List((717400,717800),(717920,718000),(718160,718200)),
("id5","id4",25)-> List((2520,24440),(323440,330280),(532680,533760),(717800,718000),(759000,759480),(896760,896800),(897480,898480),(930520,931480)),
("id6","id4",25)-> List((554600,556600),(718160,718200),(901600,902520)),
("id6","id5",25)-> List((570920,573440),(714920,718000),(757680,757960),(758040,758440),(758480,760440),(760600,760680),(760840,761120),(761200,764000),(934560,935440)),
("id7","id5",25)-> List((763600,764360)),
("id9","id5",25)-> List((938080,938400)),
("id7","id6",25)-> List((764200,765640),(854800,856520),(856560,856680),(857000,857320),(972960,973800)),
("id9","id7",25)-> List((939960,942440)),
("id1","id0",30)-> List((782080,790640),(811440,815040),(816800,817200),(817440,819680),(820120,820880),(821640,821920),(822320,822600),(824920,835360)),
("id2","id0",30)-> List((791520,793040),(814040,816840),(817600,817840),(823800,823960)),
("id3","id0",30)-> List((814720,816840),(817200,817240),(817320,817360)),
("id2","id1",30)-> List((24440,62760),(110040,110080),(486440,490120),(491240,491360),(496800,496840),(497600,497640),(707280,713920),(729960,734880),(735600,751240),(812600,814800),(1001080,1006280)),
("id3","id1",30)-> List((757720,763040),(814160,816120),(816240,816640),(816880,817160)),
("id6","id1",30)-> List((973880,977360)),
("id3","id2",30)-> List((207560,209360),(536400,538840),(814160,815920)),
("id4","id2",30)-> List((673720,674880),(692640,694240)),
("id6","id2",30)-> List((937400,939240),(966840,967000),(967080,967640),(968040,968280),(968720,968800),(968840,970040)),
("id4","id3",30)-> List((517360,517920),(645520,646280),(650160,650200),(717800,718200),(875840,880640),(885360,886160),(1000240,1006840)),
("id5","id3",30)-> List((717400,718200)),
("id7","id3",30)-> List((765600,766720)),
("id5","id4",30)-> List((2520,24440),(323440,330280),(532520,533760),(717800,718200),(758800,759480),(896680,896920),(897400,898640),(929640,929880),(930360,931840)),
("id6","id4",30)-> List((554600,556800),(717800,718200),(901520,902600)),
("id6","id5",30)-> List((570760,573440),(714920,718200),(757480,764280),(934480,935600))
("id7","id5",30)-> List((763520,764360)),
("id9","id5",30)-> List((938080,938400)),
("id7","id6",30)-> List((764120,766000),(854600,857880),(857920,857960),(972840,973920)),
("id9","id7",30)-> List((939960,942640)),
("id1","id0",34)-> List((781960,790680),(811440,816120),(816320,816360),(816400,819880),(819920,820920),(821120,821280),(821320,821400),(821440,822000),(822280,822720),(822840,823040),(824920,835600)),
("id2","id0",34)-> List((790880,793120),(812600,817920),(818080,818960),(819120,819240),(819440,819480),(820560,820600),(822640,822680),(823760,823960)),
("id3","id0",34)-> List((814480,817440)),
("id2","id1",34)-> List((24440,63080),(109680,110560),(486440,490440),(490760,490880),(491000,491520),(492200,492840),(496320,498080),(499160,500760),(707160,713920),(729880,751240),(812600,814920),(1000960,1006280)),
("id3","id1",34)-> List((757480,763440),(814160,817400)),
("id6","id1",34)-> List((973760,977360)),
("id7","id1",34)-> List((971720,971840),(972600,973560)),
("id3","id2",34)-> List((207560,209360),(536400,538840),(814160,816360),(816400,816720)),
("id4","id2",34)-> List((673720,675040),(692440,694240),(755320,755480)),
("id6","id2",34)-> List((936880,939520),(966680,967640),(967920,968560),(968600,968800),(968840,970240)),
("id4","id3",34)-> List((517360,518040),(645520,648040),(648160,648480),(648560,648640),(648680,651120),(717800,718200),(875720,880720),(885120,886160),(999840,1006840)),
("id5","id3",34)-> List((717400,718200)),
("id6","id3",34)-> List((717400,717720),(718160,718200)),
("id7","id3",34)-> List((765440,766880)),
("id5","id4",34)-> List((2520,24440),(323440,330280),(532360,533760),(717800,718200),(758640,759480),(895400,895600),(895920,896040),(896560,897200),(897320,898880),(928280,928520),(928920,928960),(929360,929440),(929480,929960),(930040,930160),(930280,931880)),
("id6","id4",34)-> List((554600,556920),(717800,718200),(901440,902760)),
("id6","id5",34)-> List((570640,573440),(714920,718200),(757480,764360),(934440,935760),(935840,935880)),
("id7","id5",34)-> List((763360,764360)),
("id9","id5",34)-> List((938080,938400)),
("id7","id6",34)-> List((764080,766080),(854480,858000),(972800,974080),(974320,974360)),
("id9","id7",34)-> List((939960,942760))

